Time taken to solve:	22.392 minutes
Required Solution trajectory

Node # 	 X 	 Y
0 	 0.000 	 0.000
301 	 1.000 	 0.000
602 	 2.000 	 0.000
903 	 3.000 	 0.000
1204 	 4.000 	 0.000
1505 	 5.000 	 0.000
1806 	 6.000 	 0.000
2107 	 7.000 	 0.000
2408 	 8.000 	 0.000
2709 	 9.000 	 0.000
3010 	 10.000 	 0.000
3311 	 11.000 	 0.000
3612 	 12.000 	 0.000
3913 	 13.000 	 0.000
4214 	 14.000 	 0.000
4515 	 15.000 	 0.000
4816 	 16.000 	 0.000
5117 	 17.000 	 0.000
5418 	 18.000 	 0.000
5719 	 19.000 	 0.000
6020 	 20.000 	 0.000
6321 	 21.000 	 0.000
6622 	 22.000 	 0.000
6915 	 23.000 	 0.000
7203 	 24.000 	 0.000
7488 	 25.000 	 0.000
7770 	 26.000 	 0.000
8049 	 27.000 	 0.000
8326 	 28.000 	 0.000
8601 	 29.000 	 0.000
8873 	 30.000 	 0.000
9143 	 31.000 	 0.000
9412 	 32.000 	 0.000
9678 	 33.000 	 0.000
9942 	 34.000 	 0.000
10204 	 35.000 	 0.000
10464 	 36.000 	 0.000
10722 	 37.000 	 0.000
10977 	 38.000 	 0.000
11231 	 39.000 	 0.000
11484 	 40.000 	 0.000
11735 	 41.000 	 0.000
11966 	 42.000 	 0.000
12188 	 43.000 	 0.000
12400 	 44.000 	 0.000
12608 	 45.000 	 0.000
12811 	 46.000 	 0.000
13009 	 47.000 	 0.000
13204 	 48.000 	 0.000
13397 	 49.000 	 0.000
13588 	 50.000 	 0.000
13777 	 51.000 	 0.000
13964 	 52.000 	 0.000
14149 	 53.000 	 0.000
14332 	 54.000 	 0.000
14514 	 55.000 	 0.000
14694 	 56.000 	 0.000
14872 	 57.000 	 0.000
15048 	 58.000 	 0.000
15223 	 59.000 	 0.000
15396 	 60.000 	 0.000
15568 	 61.000 	 0.000
15739 	 62.000 	 0.000
15908 	 63.000 	 0.000
16075 	 64.000 	 0.000
16242 	 65.000 	 0.000
16407 	 66.000 	 0.000
16571 	 67.000 	 0.000
16733 	 68.000 	 0.000
16895 	 69.000 	 0.000
17055 	 70.000 	 0.000
17214 	 71.000 	 0.000
17372 	 72.000 	 0.000
17529 	 73.000 	 0.000
17684 	 74.000 	 0.000
17839 	 75.000 	 0.000
17993 	 76.000 	 0.000
18146 	 77.000 	 0.000
18297 	 78.000 	 0.000
18448 	 79.000 	 0.000
18598 	 80.000 	 0.000
18747 	 81.000 	 0.000
18895 	 82.000 	 0.000
19042 	 83.000 	 0.000
19188 	 84.000 	 0.000
19334 	 85.000 	 0.000
19479 	 86.000 	 0.000
19623 	 87.000 	 0.000
19766 	 88.000 	 0.000
19909 	 89.000 	 0.000
20052 	 90.000 	 1.000
20194 	 91.000 	 2.000
20336 	 92.000 	 3.000
20478 	 93.000 	 4.000
20620 	 94.000 	 5.000
20762 	 95.000 	 6.000
20904 	 96.000 	 7.000
21046 	 97.000 	 8.000
21187 	 98.000 	 9.000
21329 	 99.000 	 10.000
21471 	 100.000 	 11.000
21615 	 101.000 	 12.000
21759 	 102.000 	 13.000
21903 	 103.000 	 14.000
22047 	 104.000 	 15.000
22193 	 105.000 	 16.000
22339 	 106.000 	 17.000
22485 	 107.000 	 18.000
22631 	 108.000 	 19.000
22779 	 109.000 	 20.000
22927 	 110.000 	 21.000
23077 	 111.000 	 22.000
23227 	 112.000 	 23.000
23379 	 113.000 	 24.000
23531 	 114.000 	 25.000
23685 	 115.000 	 26.000
23839 	 116.000 	 27.000
23994 	 117.000 	 27.000
24149 	 118.000 	 27.000
24307 	 119.000 	 28.000
24467 	 120.000 	 29.000
24629 	 121.000 	 30.000
24791 	 122.000 	 31.000
24955 	 123.000 	 32.000
25121 	 124.000 	 33.000
25289 	 125.000 	 34.000
25459 	 126.000 	 35.000
25631 	 127.000 	 36.000
25805 	 128.000 	 37.000
25981 	 129.000 	 38.000
26159 	 130.000 	 39.000
26160 	 130.000 	 40.000
26342 	 131.000 	 41.000
26526 	 132.000 	 42.000
26712 	 133.000 	 43.000
26713 	 133.000 	 44.000
26903 	 134.000 	 45.000
26904 	 134.000 	 46.000
27098 	 135.000 	 47.000
27099 	 135.000 	 48.000
27297 	 136.000 	 49.000
27298 	 136.000 	 50.000
27500 	 137.000 	 51.000
27501 	 137.000 	 52.000
27707 	 138.000 	 53.000
27708 	 138.000 	 54.000
27709 	 138.000 	 55.000
27710 	 138.000 	 56.000
27924 	 139.000 	 57.000
27925 	 139.000 	 58.000
27926 	 139.000 	 59.000
27927 	 139.000 	 60.000
28149 	 140.000 	 61.000
28150 	 140.000 	 62.000
28151 	 140.000 	 63.000
28152 	 140.000 	 64.000
28153 	 140.000 	 65.000
28154 	 140.000 	 66.000
28155 	 140.000 	 67.000
28156 	 140.000 	 68.000
28157 	 140.000 	 69.000
28158 	 140.000 	 70.000
28159 	 140.000 	 71.000
28160 	 140.000 	 72.000
28161 	 140.000 	 73.000
28162 	 140.000 	 74.000
28163 	 140.000 	 75.000
28164 	 140.000 	 76.000
28165 	 140.000 	 77.000
28166 	 140.000 	 78.000
28167 	 140.000 	 79.000
28168 	 140.000 	 80.000
28169 	 140.000 	 81.000
28170 	 140.000 	 82.000
28171 	 140.000 	 83.000
28172 	 140.000 	 84.000
28173 	 140.000 	 85.000
28174 	 140.000 	 86.000
28175 	 140.000 	 87.000
28176 	 140.000 	 88.000
28177 	 140.000 	 89.000
28178 	 140.000 	 90.000
28179 	 140.000 	 91.000
28180 	 140.000 	 92.000
28181 	 140.000 	 93.000
28182 	 140.000 	 94.000
28183 	 140.000 	 95.000
28184 	 140.000 	 96.000
28185 	 140.000 	 97.000
28186 	 140.000 	 98.000
28187 	 140.000 	 99.000
28188 	 140.000 	 100.000
28189 	 140.000 	 101.000
28190 	 140.000 	 102.000
28191 	 140.000 	 103.000
28192 	 140.000 	 104.000
28193 	 140.000 	 105.000
28194 	 140.000 	 106.000
28195 	 140.000 	 107.000
28196 	 140.000 	 108.000
28197 	 140.000 	 109.000
28198 	 140.000 	 110.000
28199 	 140.000 	 111.000
28200 	 140.000 	 112.000
28201 	 140.000 	 113.000
28202 	 140.000 	 114.000
28203 	 140.000 	 115.000
28204 	 140.000 	 116.000
28205 	 140.000 	 117.000
28206 	 140.000 	 118.000
28207 	 140.000 	 119.000
28208 	 140.000 	 120.000
28209 	 140.000 	 121.000
28210 	 140.000 	 122.000
28211 	 140.000 	 123.000
28212 	 140.000 	 124.000
28213 	 140.000 	 125.000
28214 	 140.000 	 126.000
28215 	 140.000 	 127.000
28456 	 141.000 	 128.000
28697 	 142.000 	 129.000
28938 	 143.000 	 130.000
29179 	 144.000 	 131.000
29420 	 145.000 	 132.000
29661 	 146.000 	 133.000
29902 	 147.000 	 134.000
30143 	 148.000 	 135.000
30384 	 149.000 	 136.000
30625 	 150.000 	 137.000
30866 	 151.000 	 138.000
31107 	 152.000 	 139.000
31348 	 153.000 	 140.000
31590 	 154.000 	 141.000
31831 	 155.000 	 142.000
32073 	 156.000 	 143.000
32315 	 157.000 	 144.000
32558 	 158.000 	 145.000
32801 	 159.000 	 146.000
33045 	 160.000 	 147.000
33290 	 161.000 	 148.000
33535 	 162.000 	 149.000
33781 	 163.000 	 150.000
34029 	 164.000 	 151.000
34277 	 165.000 	 152.000
34526 	 166.000 	 153.000
34777 	 167.000 	 154.000
35029 	 168.000 	 155.000
35282 	 169.000 	 156.000
35537 	 170.000 	 157.000
35793 	 171.000 	 158.000
36036 	 172.000 	 159.000
36275 	 173.000 	 160.000
36512 	 174.000 	 161.000
36747 	 175.000 	 162.000
36980 	 176.000 	 163.000
37214 	 177.000 	 164.000
37448 	 178.000 	 165.000
37679 	 179.000 	 166.000
37911 	 180.000 	 167.000
38143 	 181.000 	 168.000
38375 	 182.000 	 169.000
38607 	 183.000 	 170.000
38841 	 184.000 	 171.000
39075 	 185.000 	 172.000
39312 	 186.000 	 172.000
39498 	 187.000 	 173.000
39678 	 188.000 	 174.000
39854 	 189.000 	 175.000
40025 	 190.000 	 175.000
40193 	 191.000 	 176.000
40359 	 192.000 	 177.000
40522 	 193.000 	 177.000
40682 	 194.000 	 178.000
40841 	 195.000 	 178.000
40997 	 196.000 	 179.000
41151 	 197.000 	 180.000
41304 	 198.000 	 180.000
41456 	 199.000 	 181.000
41607 	 200.000 	 181.000
41758 	 201.000 	 181.000
41908 	 202.000 	 182.000
42057 	 203.000 	 182.000
42205 	 204.000 	 183.000
42352 	 205.000 	 183.000
42498 	 206.000 	 184.000
42643 	 207.000 	 184.000
42788 	 208.000 	 184.000
42932 	 209.000 	 185.000
43075 	 210.000 	 185.000
43218 	 211.000 	 185.000
43360 	 212.000 	 186.000
43501 	 213.000 	 186.000
43642 	 214.000 	 186.000
43783 	 215.000 	 186.000
43923 	 216.000 	 187.000
44062 	 217.000 	 187.000
44201 	 218.000 	 187.000
44340 	 219.000 	 187.000
44478 	 220.000 	 188.000
44615 	 221.000 	 188.000
44752 	 222.000 	 188.000
44889 	 223.000 	 188.000
45025 	 224.000 	 189.000
45160 	 225.000 	 189.000
45296 	 226.000 	 189.000
45432 	 227.000 	 189.000
45568 	 228.000 	 189.000
45704 	 229.000 	 189.000
45840 	 230.000 	 189.000
45975 	 231.000 	 190.000
46109 	 232.000 	 190.000
46243 	 233.000 	 190.000
46377 	 234.000 	 190.000
46511 	 235.000 	 190.000
46645 	 236.000 	 190.000
46783 	 237.000 	 190.000
46921 	 238.000 	 190.000
47063 	 239.000 	 190.000
47209 	 240.000 	 190.000
47355 	 241.000 	 190.000
47505 	 242.000 	 190.000
47663 	 243.000 	 190.000
47825 	 244.000 	 190.000
47995 	 245.000 	 190.000
48207 	 246.000 	 190.000
48419 	 247.000 	 190.000
48631 	 248.000 	 190.000
48843 	 249.000 	 190.000
49055 	 250.000 	 190.000
49267 	 251.000 	 190.000
49479 	 252.000 	 190.000
49691 	 253.000 	 190.000
49903 	 254.000 	 190.000
50115 	 255.000 	 190.000
50327 	 256.000 	 190.000
50539 	 257.000 	 190.000
50751 	 258.000 	 190.000
50963 	 259.000 	 190.000
51175 	 260.000 	 190.000
51387 	 261.000 	 190.000
51601 	 262.000 	 190.000
51815 	 263.000 	 190.000
52029 	 264.000 	 190.000
52243 	 265.000 	 190.000
52457 	 266.000 	 190.000
52671 	 267.000 	 190.000
52885 	 268.000 	 190.000
53101 	 269.000 	 190.000
53317 	 270.000 	 190.000
53533 	 271.000 	 190.000
53749 	 272.000 	 190.000
53967 	 273.000 	 190.000
54185 	 274.000 	 190.000
54403 	 275.000 	 190.000
54621 	 276.000 	 190.000
54841 	 277.000 	 190.000
55061 	 278.000 	 190.000
55281 	 279.000 	 190.000
55501 	 280.000 	 190.000
55723 	 281.000 	 190.000
55945 	 282.000 	 190.000
56167 	 283.000 	 190.000
56391 	 284.000 	 190.000
56615 	 285.000 	 190.000
56839 	 286.000 	 190.000
57065 	 287.000 	 190.000
57291 	 288.000 	 190.000
57519 	 289.000 	 190.000
57747 	 290.000 	 190.000
57978 	 291.000 	 191.000
58209 	 292.000 	 192.000
58440 	 293.000 	 193.000
58673 	 294.000 	 194.000
58906 	 295.000 	 195.000
59141 	 296.000 	 196.000
59378 	 297.000 	 197.000
59615 	 298.000 	 198.000
59854 	 299.000 	 199.000
60093 	 300.000 	 200.000
60334 	 301.000 	 201.000
60577 	 302.000 	 202.000
60820 	 303.000 	 203.000
61065 	 304.000 	 204.000
61312 	 305.000 	 205.000
61561 	 306.000 	 206.000
61810 	 307.000 	 207.000
62061 	 308.000 	 208.000
62314 	 309.000 	 209.000
62569 	 310.000 	 210.000
62826 	 311.000 	 211.000
63085 	 312.000 	 212.000
63346 	 313.000 	 213.000
63611 	 314.000 	 214.000
63878 	 315.000 	 215.000
64147 	 316.000 	 216.000
64420 	 317.000 	 217.000
64697 	 318.000 	 218.000
64978 	 319.000 	 219.000
65265 	 320.000 	 220.000
65567 	 321.000 	 221.000
65869 	 322.000 	 222.000
66171 	 323.000 	 223.000
66473 	 324.000 	 224.000
66775 	 325.000 	 225.000
67077 	 326.000 	 226.000
67379 	 327.000 	 227.000
67681 	 328.000 	 228.000
67983 	 329.000 	 229.000
68285 	 330.000 	 230.000
68587 	 331.000 	 231.000
68889 	 332.000 	 232.000
69191 	 333.000 	 233.000
69493 	 334.000 	 234.000
69795 	 335.000 	 235.000
70097 	 336.000 	 236.000
70399 	 337.000 	 237.000
70701 	 338.000 	 238.000
71003 	 339.000 	 239.000
71305 	 340.000 	 240.000
71607 	 341.000 	 241.000
71909 	 342.000 	 242.000
72211 	 343.000 	 243.000
72513 	 344.000 	 244.000
72815 	 345.000 	 245.000
73117 	 346.000 	 246.000
73419 	 347.000 	 247.000
73721 	 348.000 	 248.000
74023 	 349.000 	 249.000
74325 	 350.000 	 250.000
74627 	 351.000 	 251.000
74929 	 352.000 	 252.000
75231 	 353.000 	 253.000
75533 	 354.000 	 254.000
75835 	 355.000 	 255.000
76137 	 356.000 	 256.000
76439 	 357.000 	 257.000
76741 	 358.000 	 258.000
77043 	 359.000 	 259.000
77345 	 360.000 	 260.000
77647 	 361.000 	 261.000
77949 	 362.000 	 262.000
78251 	 363.000 	 263.000
78553 	 364.000 	 264.000
78855 	 365.000 	 265.000
79157 	 366.000 	 266.000
79459 	 367.000 	 267.000
79761 	 368.000 	 268.000
80063 	 369.000 	 269.000
80365 	 370.000 	 270.000
80667 	 371.000 	 271.000
80969 	 372.000 	 272.000
81271 	 373.000 	 273.000
81573 	 374.000 	 274.000
81875 	 375.000 	 275.000
82177 	 376.000 	 276.000
82479 	 377.000 	 277.000
82781 	 378.000 	 278.000
83083 	 379.000 	 279.000
83385 	 380.000 	 280.000
83687 	 381.000 	 281.000
83989 	 382.000 	 282.000
84291 	 383.000 	 283.000
84593 	 384.000 	 284.000
84895 	 385.000 	 285.000
85197 	 386.000 	 286.000
85499 	 387.000 	 287.000
85801 	 388.000 	 288.000
86103 	 389.000 	 289.000
86405 	 390.000 	 290.000
86707 	 391.000 	 291.000
87009 	 392.000 	 292.000
87311 	 393.000 	 293.000
87613 	 394.000 	 294.000
87915 	 395.000 	 295.000
88217 	 396.000 	 296.000
88519 	 397.000 	 297.000
88821 	 398.000 	 298.000
89123 	 399.000 	 299.000
89425 	 400.000 	 300.000
